3.680400000000000000e+04 1.100000000000000000e+01
3.680400000000000000e+04 1.100000000000000000e+01
3.682700000000000000e+04 1.200000000000000000e+01
3.683600000000000000e+04 1.100000000000000000e+01
3.684800000000000000e+04 1.200000000000000000e+01
3.687900000000000000e+04 1.300000000000000000e+01
3.688700000000000000e+04 1.300000000000000000e+01
3.689900000000000000e+04 1.400000000000000000e+01
3.692600000000000000e+04 1.400000000000000000e+01
3.692600000000000000e+04 1.500000000000000000e+01
3.694700000000000000e+04 1.500000000000000000e+01
3.696600000000000000e+04 1.700000000000000000e+01
3.697100000000000000e+04 1.600000000000000000e+01
3.700100000000000000e+04 1.700000000000000000e+01
3.701100000000000000e+04 1.800000000000000000e+01
3.702400000000000000e+04 1.900000000000000000e+01
3.702400000000000000e+04 2.000000000000000000e+01
3.704900000000000000e+04 1.900000000000000000e+01
3.706900000000000000e+04 2.100000000000000000e+01
3.707400000000000000e+04 2.100000000000000000e+01
3.707400000000000000e+04 2.200000000000000000e+01
3.711900000000000000e+04 2.300000000000000000e+01
3.713400000000000000e+04 2.400000000000000000e+01
3.715000000000000000e+04 2.500000000000000000e+01
3.715800000000000000e+04 2.600000000000000000e+01
3.718100000000000000e+04 2.800000000000000000e+01
3.718600000000000000e+04 2.700000000000000000e+01
3.720600000000000000e+04 2.900000000000000000e+01
3.722600000000000000e+04 3.000000000000000000e+01
3.725200000000000000e+04 3.300000000000000000e+01
3.727700000000000000e+04 3.400000000000000000e+01
3.728200000000000000e+04 3.600000000000000000e+01
3.732400000000000000e+04 3.800000000000000000e+01
3.733400000000000000e+04 4.100000000000000000e+01
3.734900000000000000e+04 4.000000000000000000e+01
3.736900000000000000e+04 4.300000000000000000e+01
3.739700000000000000e+04 4.500000000000000000e+01
3.740800000000000000e+04 4.900000000000000000e+01
3.741200000000000000e+04 4.700000000000000000e+01
3.744400000000000000e+04 5.100000000000000000e+01
3.745900000000000000e+04 5.300000000000000000e+01
3.748100000000000000e+04 5.800000000000000000e+01
3.748600000000000000e+04 5.600000000000000000e+01
3.750100000000000000e+04 6.100000000000000000e+01
3.753100000000000000e+04 6.400000000000000000e+01
3.754900000000000000e+04 6.900000000000000000e+01
3.756700000000000000e+04 6.700000000000000000e+01
3.757800000000000000e+04 7.300000000000000000e+01
3.761100000000000000e+04 7.700000000000000000e+01
3.763500000000000000e+04 7.900000000000000000e+01
3.763800000000000000e+04 8.200000000000000000e+01
3.765000000000000000e+04 8.600000000000000000e+01
3.768000000000000000e+04 9.000000000000000000e+01
3.769900000000000000e+04 9.900000000000000000e+01
3.771900000000000000e+04 9.500000000000000000e+01
3.774000000000000000e+04 1.060000000000000000e+02
3.776700000000000000e+04 1.090000000000000000e+02
3.776800000000000000e+04 1.020000000000000000e+02
3.779500000000000000e+04 1.150000000000000000e+02
3.781300000000000000e+04 1.210000000000000000e+02
3.784200000000000000e+04 1.250000000000000000e+02
3.785400000000000000e+04 1.300000000000000000e+02
3.787500000000000000e+04 1.350000000000000000e+02
3.789700000000000000e+04 1.420000000000000000e+02
3.792900000000000000e+04 1.500000000000000000e+02
3.795900000000000000e+04 1.560000000000000000e+02
3.796200000000000000e+04 1.620000000000000000e+02
3.798400000000000000e+04 1.690000000000000000e+02
3.801700000000000000e+04 1.770000000000000000e+02
3.803600000000000000e+04 1.860000000000000000e+02
3.805800000000000000e+04 1.940000000000000000e+02
3.807000000000000000e+04 2.010000000000000000e+02
3.809800000000000000e+04 2.080000000000000000e+02
3.812200000000000000e+04 2.180000000000000000e+02
3.815100000000000000e+04 2.270000000000000000e+02
3.817200000000000000e+04 2.460000000000000000e+02
3.817500000000000000e+04 2.350000000000000000e+02
3.822600000000000000e+04 2.570000000000000000e+02
3.824600000000000000e+04 2.780000000000000000e+02
3.824800000000000000e+04 2.670000000000000000e+02
3.828700000000000000e+04 2.910000000000000000e+02
3.831900000000000000e+04 3.190000000000000000e+02
3.832400000000000000e+04 3.070000000000000000e+02
3.836000000000000000e+04 3.310000000000000000e+02
3.839600000000000000e+04 3.420000000000000000e+02
3.842100000000000000e+04 3.540000000000000000e+02
3.844500000000000000e+04 3.670000000000000000e+02
3.846900000000000000e+04 3.810000000000000000e+02
3.848700000000000000e+04 3.990000000000000000e+02
3.853000000000000000e+04 4.180000000000000000e+02
3.856200000000000000e+04 4.380000000000000000e+02
3.858500000000000000e+04 4.550000000000000000e+02
3.862000000000000000e+04 4.760000000000000000e+02
3.863200000000000000e+04 4.980000000000000000e+02
3.867500000000000000e+04 5.230000000000000000e+02
3.870400000000000000e+04 5.510000000000000000e+02
3.874800000000000000e+04 5.770000000000000000e+02
3.877900000000000000e+04 6.240000000000000000e+02
3.878000000000000000e+04 5.970000000000000000e+02
3.883900000000000000e+04 6.550000000000000000e+02
3.885800000000000000e+04 6.870000000000000000e+02
3.890100000000000000e+04 7.190000000000000000e+02
3.893300000000000000e+04 7.500000000000000000e+02
3.895400000000000000e+04 7.800000000000000000e+02
3.900100000000000000e+04 8.140000000000000000e+02
3.902700000000000000e+04 8.470000000000000000e+02
3.907400000000000000e+04 8.860000000000000000e+02
3.912600000000000000e+04 9.320000000000000000e+02
3.915500000000000000e+04 9.790000000000000000e+02
3.920400000000000000e+04 1.019000000000000000e+03
3.924600000000000000e+04 1.071000000000000000e+03
3.929700000000000000e+04 1.122000000000000000e+03
3.934900000000000000e+04 1.172000000000000000e+03
3.939300000000000000e+04 1.219000000000000000e+03
3.944700000000000000e+04 1.267000000000000000e+03
3.947200000000000000e+04 1.317000000000000000e+03
3.954100000000000000e+04 1.379000000000000000e+03
3.959400000000000000e+04 1.435000000000000000e+03
3.963800000000000000e+04 1.491000000000000000e+03
3.969200000000000000e+04 1.545000000000000000e+03
3.971100000000000000e+04 1.601000000000000000e+03
3.976600000000000000e+04 1.654000000000000000e+03
3.978500000000000000e+04 1.716000000000000000e+03
3.983900000000000000e+04 1.750000000000000000e+03
3.990100000000000000e+04 1.804000000000000000e+03
3.994100000000000000e+04 1.882000000000000000e+03
4.000000000000000000e+04 1.959000000000000000e+03
4.005000000000000000e+04 2.025000000000000000e+03
4.010700000000000000e+04 2.098000000000000000e+03
4.018000000000000000e+04 2.174000000000000000e+03
4.023000000000000000e+04 2.255000000000000000e+03
4.030100000000000000e+04 2.342000000000000000e+03
4.037000000000000000e+04 2.436000000000000000e+03
4.044800000000000000e+04 2.535000000000000000e+03
4.052600000000000000e+04 2.635000000000000000e+03
4.059800000000000000e+04 2.726000000000000000e+03
4.064700000000000000e+04 2.835000000000000000e+03
4.074400000000000000e+04 2.931000000000000000e+03
4.079700000000000000e+04 3.056000000000000000e+03
4.086200000000000000e+04 3.135000000000000000e+03
4.096100000000000000e+04 3.265000000000000000e+03
4.106400000000000000e+04 3.387000000000000000e+03
4.116300000000000000e+04 3.521000000000000000e+03
4.126100000000000000e+04 3.655000000000000000e+03
4.136000000000000000e+04 3.785000000000000000e+03
4.145900000000000000e+04 3.915000000000000000e+03
4.155800000000000000e+04 4.041000000000000000e+03
4.166100000000000000e+04 4.182000000000000000e+03
4.178000000000000000e+04 4.317000000000000000e+03
4.189800000000000000e+04 4.437000000000000000e+03
4.196500000000000000e+04 4.563000000000000000e+03
4.209300000000000000e+04 4.639000000000000000e+03
4.213500000000000000e+04 4.769000000000000000e+03
4.226600000000000000e+04 4.832000000000000000e+03
4.230800000000000000e+04 4.956000000000000000e+03
4.243500000000000000e+04 5.037000000000000000e+03
4.253400000000000000e+04 5.167000000000000000e+03
4.265800000000000000e+04 5.231000000000000000e+03
4.275700000000000000e+04 5.346000000000000000e+03
4.289000000000000000e+04 5.413000000000000000e+03
4.300100000000000000e+04 5.519000000000000000e+03
4.313600000000000000e+04 5.590000000000000000e+03
4.329200000000000000e+04 5.663000000000000000e+03
4.343900000000000000e+04 5.737000000000000000e+03
4.358800000000000000e+04 5.780000000000000000e+03
4.373600000000000000e+04 5.818000000000000000e+03
4.388500000000000000e+04 5.826000000000000000e+03
4.403400000000000000e+04 5.826000000000000000e+03
4.418300000000000000e+04 5.818000000000000000e+03
4.433200000000000000e+04 5.780000000000000000e+03
4.448100000000000000e+04 5.737000000000000000e+03
4.463100000000000000e+04 5.689000000000000000e+03
4.478000000000000000e+04 5.620000000000000000e+03
4.492800000000000000e+04 5.531000000000000000e+03
4.507700000000000000e+04 5.454000000000000000e+03
4.522800000000000000e+04 5.372000000000000000e+03
4.538400000000000000e+04 5.281000000000000000e+03
4.552700000000000000e+04 5.191000000000000000e+03
4.567900000000000000e+04 5.087000000000000000e+03
4.582500000000000000e+04 4.978000000000000000e+03
4.597400000000000000e+04 4.864000000000000000e+03
4.612300000000000000e+04 4.739000000000000000e+03
4.627300000000000000e+04 4.611000000000000000e+03
4.642200000000000000e+04 4.482000000000000000e+03
4.657200000000000000e+04 4.346000000000000000e+03
4.672100000000000000e+04 4.211000000000000000e+03
4.686500000000000000e+04 4.082000000000000000e+03
4.700100000000000000e+04 3.940000000000000000e+03
4.713900000000000000e+04 3.819000000000000000e+03
4.726500000000000000e+04 3.698000000000000000e+03
4.737400000000000000e+04 3.574000000000000000e+03
4.750000000000000000e+04 3.453000000000000000e+03
4.763800000000000000e+04 3.342000000000000000e+03
4.779300000000000000e+04 3.217000000000000000e+03
4.793300000000000000e+04 3.135000000000000000e+03
