2.011000000000000000e+04 6.360000000000000000e+02
2.013100000000000000e+04 6.730000000000000000e+02
2.017300000000000000e+04 7.170000000000000000e+02
2.018500000000000000e+04 7.440000000000000000e+02
2.022800000000000000e+04 8.650000000000000000e+02
2.024000000000000000e+04 7.910000000000000000e+02
2.024600000000000000e+04 8.310000000000000000e+02
2.025500000000000000e+04 8.890000000000000000e+02
2.027700000000000000e+04 9.850000000000000000e+02
2.027800000000000000e+04 9.250000000000000000e+02
2.029700000000000000e+04 9.500000000000000000e+02
2.033500000000000000e+04 1.028000000000000000e+03
2.036100000000000000e+04 1.079000000000000000e+03
2.039700000000000000e+04 1.137000000000000000e+03
2.042100000000000000e+04 1.186000000000000000e+03
2.042500000000000000e+04 1.232000000000000000e+03
2.046700000000000000e+04 1.276000000000000000e+03
2.048900000000000000e+04 1.325000000000000000e+03
2.051400000000000000e+04 1.409000000000000000e+03
2.052700000000000000e+04 1.370000000000000000e+03
2.056900000000000000e+04 1.457000000000000000e+03
2.060200000000000000e+04 1.518000000000000000e+03
2.062400000000000000e+04 1.589000000000000000e+03
2.066700000000000000e+04 1.648000000000000000e+03
2.068900000000000000e+04 1.719000000000000000e+03
2.074400000000000000e+04 1.807000000000000000e+03
2.079400000000000000e+04 1.878000000000000000e+03
2.080700000000000000e+04 1.947000000000000000e+03
2.086000000000000000e+04 2.040000000000000000e+03
2.091100000000000000e+04 2.149000000000000000e+03
2.096600000000000000e+04 2.246000000000000000e+03
2.101600000000000000e+04 2.343000000000000000e+03
2.106700000000000000e+04 2.434000000000000000e+03
2.109000000000000000e+04 2.540000000000000000e+03
2.115100000000000000e+04 2.644000000000000000e+03
2.120100000000000000e+04 2.726000000000000000e+03
2.122700000000000000e+04 2.826000000000000000e+03
2.129200000000000000e+04 2.943000000000000000e+03
2.134100000000000000e+04 3.056000000000000000e+03
2.138800000000000000e+04 3.148000000000000000e+03
2.144800000000000000e+04 3.286000000000000000e+03
2.154500000000000000e+04 3.492000000000000000e+03
2.159900000000000000e+04 3.634000000000000000e+03
2.167600000000000000e+04 3.806000000000000000e+03
2.175100000000000000e+04 3.994000000000000000e+03
2.181100000000000000e+04 4.150000000000000000e+03
2.187700000000000000e+04 4.315000000000000000e+03
2.196400000000000000e+04 4.503000000000000000e+03
2.204000000000000000e+04 4.668000000000000000e+03
2.210300000000000000e+04 4.827000000000000000e+03
2.217900000000000000e+04 4.988000000000000000e+03
2.225700000000000000e+04 5.157000000000000000e+03
2.235700000000000000e+04 5.343000000000000000e+03
2.246300000000000000e+04 5.534000000000000000e+03
2.258500000000000000e+04 5.737000000000000000e+03
2.271000000000000000e+04 5.939000000000000000e+03
2.281500000000000000e+04 6.111000000000000000e+03
2.295900000000000000e+04 6.249000000000000000e+03
2.309200000000000000e+04 6.406000000000000000e+03
2.324400000000000000e+04 6.501000000000000000e+03
2.339600000000000000e+04 6.566000000000000000e+03
2.354800000000000000e+04 6.578000000000000000e+03
2.370000000000000000e+04 6.565000000000000000e+03
2.385100000000000000e+04 6.506000000000000000e+03
2.400300000000000000e+04 6.407000000000000000e+03
2.415500000000000000e+04 6.280000000000000000e+03
2.430700000000000000e+04 6.149000000000000000e+03
2.446900000000000000e+04 5.930000000000000000e+03
2.460400000000000000e+04 5.748000000000000000e+03
2.473000000000000000e+04 5.580000000000000000e+03
2.480400000000000000e+04 5.401000000000000000e+03
2.493400000000000000e+04 5.276000000000000000e+03
2.503300000000000000e+04 5.064000000000000000e+03
2.514500000000000000e+04 4.888000000000000000e+03
2.526300000000000000e+04 4.714000000000000000e+03
2.536800000000000000e+04 4.545000000000000000e+03
2.546900000000000000e+04 4.381000000000000000e+03
2.557000000000000000e+04 4.216000000000000000e+03
2.567000000000000000e+04 4.077000000000000000e+03
2.574900000000000000e+04 3.931000000000000000e+03
2.584800000000000000e+04 3.782000000000000000e+03
2.594700000000000000e+04 3.644000000000000000e+03
2.602700000000000000e+04 3.509000000000000000e+03
2.612600000000000000e+04 3.371000000000000000e+03
2.622600000000000000e+04 3.187000000000000000e+03
2.635300000000000000e+04 3.097000000000000000e+03
2.637800000000000000e+04 2.991000000000000000e+03
2.645600000000000000e+04 2.878000000000000000e+03
2.654300000000000000e+04 2.768000000000000000e+03
2.661800000000000000e+04 2.671000000000000000e+03
2.669400000000000000e+04 2.586000000000000000e+03
2.675700000000000000e+04 2.501000000000000000e+03
2.683500000000000000e+04 2.403000000000000000e+03
2.692100000000000000e+04 2.313000000000000000e+03
2.698400000000000000e+04 2.215000000000000000e+03
2.706300000000000000e+04 2.116000000000000000e+03
2.714100000000000000e+04 2.032000000000000000e+03
2.722400000000000000e+04 1.952000000000000000e+03
2.730000000000000000e+04 1.880000000000000000e+03
2.736500000000000000e+04 1.808000000000000000e+03
2.745100000000000000e+04 1.729000000000000000e+03
2.751400000000000000e+04 1.653000000000000000e+03
2.759900000000000000e+04 1.582000000000000000e+03
2.767800000000000000e+04 1.526000000000000000e+03
2.771100000000000000e+04 1.474000000000000000e+03
2.779400000000000000e+04 1.416000000000000000e+03
2.787700000000000000e+04 1.353000000000000000e+03
2.795200000000000000e+04 1.300000000000000000e+03
2.801700000000000000e+04 1.251000000000000000e+03
2.809500000000000000e+04 1.201000000000000000e+03
2.818300000000000000e+04 1.154000000000000000e+03
2.825900000000000000e+04 1.109000000000000000e+03
2.833400000000000000e+04 1.070000000000000000e+03
2.840700000000000000e+04 1.026000000000000000e+03
2.849700000000000000e+04 9.910000000000000000e+02
2.857200000000000000e+04 9.470000000000000000e+02
2.865200000000000000e+04 9.110000000000000000e+02
2.873800000000000000e+04 8.750000000000000000e+02
2.881400000000000000e+04 8.440000000000000000e+02
2.887900000000000000e+04 8.130000000000000000e+02
2.896600000000000000e+04 7.820000000000000000e+02
2.903000000000000000e+04 7.550000000000000000e+02
2.911700000000000000e+04 7.290000000000000000e+02
2.918000000000000000e+04 7.060000000000000000e+02
2.925600000000000000e+04 6.820000000000000000e+02
2.933300000000000000e+04 6.560000000000000000e+02
2.943300000000000000e+04 6.280000000000000000e+02
2.952100000000000000e+04 6.050000000000000000e+02
2.960800000000000000e+04 5.830000000000000000e+02
2.968700000000000000e+04 5.630000000000000000e+02
2.979600000000000000e+04 5.380000000000000000e+02
2.996500000000000000e+04 5.060000000000000000e+02
